# random z from Sarah's distribution fit script
# distribution (python: fitter.Fitter): burr
# parameters: (4.163715150753809, 0.30471932223908327, 0.023052565455463726, 3.0181890795689803)
redshift
2.51380483
0.81761792
1.0474851
1.83318396
2.00764942
0.64237089
2.33651703
1.11767166
1.2355977
7.80435191
1.87733273
2.41478956
3.99516624
1.94212538
1.49279426
2.63495304
1.02150771
0.83293351
4.51829765
1.04334006
2.19015475
3.3640862
2.58801006
3.16633828
2.29474848
1.26249733
1.93705896
4.72319037
0.06739197
2.19290983
1.67924862
4.29893818
1.49680196
0.67729256
1.64313333
0.41229485
1.51055815
0.94773247
1.59267512
2.93984302
2.39441316
1.2345495
1.44343132
1.85933817
1.67328697
4.89015783
0.24295345
3.82747081
1.67640387
1.26853033
5.17172874
2.79828063
1.77224333
0.54619374
0.67826276
1.98473363
0.45662327
1.51593612
0.50570259
2.12174823
0.40563535
1.14351362
2.62488689
1.41156978
1.26761138
1.33178932
0.15050785
0.47085766
1.95587688
1.05072699
3.30121162
1.13887574
2.57539533
1.41767974
2.02317308
2.89816835
2.33661455
2.12695393
1.60265445
0.39800603
2.51728878
1.10068889
3.21510458
0.56055027
2.85371535
2.84091449
0.83061485
3.43062869
0.54801695
2.98220993
2.98994003
2.1765373
1.41446944
2.91037604
1.81590694
1.57126297
4.20754998
0.50641595
1.94714242
1.12839357
1.26703303
1.31025517
1.2574943
0.61924247
3.89350229
1.97206438
2.06813752
0.48230224
3.07319106
1.03637735
2.56486999
1.34835994
2.14266677
1.50067349
0.1766214
1.94936328
1.0641763
2.86319716
2.48860269
5.04012011
2.29445302
2.10767472
0.96471252
0.85423193
7.06589817
2.20132768
0.74780832
1.57935213
4.5760872
3.52864573
0.84943991
2.27451009
1.815372
4.53762279
3.33455267
1.52065336
4.10341553
1.62296057
0.65620748
4.87714579
4.39636641
0.46962663
1.74757295
3.04231156
0.65339705
3.53805999
2.76300936
0.03686967
0.77582304
2.44466195
1.11748646
3.01422692
3.66602298
0.91616269
3.29393303
0.19992735
2.11505434
2.32238151
2.33324549
3.88841038
1.83473478
4.42632063
2.9837163
1.15506783
3.19418391
0.72938163
3.38264872
0.0899822
1.18528633
3.35427368
2.17501684
2.75929012
1.83348694
2.32649653
2.36506413
1.4577927
2.53576252
0.54152839
2.54916261
0.1447353
1.30813403
2.56901915
2.95241564
0.37445321
0.13373655
0.94511034
4.78579208
1.26063578
5.46305488
2.20118599
4.08720367
3.34622161
3.03102514
2.234849
0.30335292
0.39312974
2.57528904
2.05634935
0.64491615
2.66261883
1.13889987
3.33479163
2.40234345
2.45206901
0.75601482
3.50507221
1.71426827
2.78698252
3.55703712
2.77479711
0.54806515
1.93618515
2.03644749
2.44811116
4.15217177
4.23897481
0.56228219
1.49768713
1.50618657
2.21261669
3.46574697
3.21895934
1.11607824
1.05522775
2.29523922
1.39217593
0.54097337
1.49923134
2.80616569
2.99268348
1.97713112
4.09695962
0.1656051
3.07498249
0.84706464
0.59733242
1.46986557
1.30582101
2.99735306
2.93700376
0.58831535
4.59034755
3.94034399
2.89236728
3.15884182
3.87344094
0.81888409
1.17115468
0.99008165
2.75063858
1.60407487
2.42171248
1.75187101
0.95277954
2.76117229
4.85202701
0.39792046
3.70554497
1.01595276
1.18625883
1.37353456
0.8821015
2.68655917
1.38799645
0.78437153
1.31825966
0.2594262
3.60711474
0.33706837
1.39063078
1.61671575
1.21645412
2.72893403
0.1059304
0.35312461
5.67473811
1.08804881
0.53884005
0.45213309
0.90753184
2.45449399
1.07196825
3.36892902
2.25438162
2.7862367
1.22324659
0.78038225
1.75433702
4.29608304
1.62016425
2.94088263
0.19864034
0.39487576
1.2194384
2.04544735
0.21857387
4.39212238
1.69804237
4.11207596
3.84164943
2.02760364
1.72005105
1.85591565
2.00898349
3.67384833
1.70985483
2.50445368
2.32579879
0.81344773
3.92328984
0.08445301
3.72442172
3.58573587
2.48719979
2.89262528
2.51244435
5.25674174
1.24663338
1.0317135
1.80337721
1.51754997
1.52525662
1.46312959
2.05808407
0.58138898
1.3424023
2.56458199
2.14204665
0.94636001
0.88445916
0.20063315
4.02663922
3.79958511
3.28217338
2.13046332
1.96212905
2.8221701
3.41656863
4.06762318
1.43401682
0.26659574
5.38905558
2.93033855
0.48828065
0.76040005
1.5588834
1.07264546
4.14231759
2.9665889
1.45268063
1.16145083
0.65897019
3.01250374
0.36648258
0.86207173
1.51227887
0.88623158
3.6040841
2.13219013
2.86314583
1.65330426
1.92904963
0.72026368
2.61075655
0.44276273
0.39247462
0.32487948
1.93870471
0.29781203
2.82262078
2.20694332
1.08556477
5.35242691
0.56626675
1.85313241
1.05919922
2.02382238
2.52278592
3.53593956
1.1875433
1.53724543
7.7418049
1.40885527
2.26928154
2.46644753
0.71634645
2.08721415
1.01998781
2.17809711
1.1370922
1.66603636
2.03323204
0.73165062
1.90685588
2.38390464
2.24304745
0.19768993
3.60165152
2.52547706
1.71485597
1.78859415
1.39648872
0.30074239
0.26832604
2.17914566
2.28300491
2.80524997
0.91128347
0.67085369
7.00515249
1.13701375
0.68420626
3.20939043
0.65976883
0.69883859
0.23985778
2.94529349
3.92584172
1.59402989
1.78782718
3.28961124
0.1463712
2.02418653
1.63745728
0.60156562
3.53589281
4.15261931
4.40852291
2.94993167
2.29912479
1.41037975
2.7546273
0.35041612
2.08580211
2.74144872
1.74710336
2.1185638
1.90304548
2.41592059
1.89102483
2.37745457
2.50408912
0.92144063
2.6839704
2.17875964
0.88768562
0.55994369
2.7476001
0.44270714
0.14002471
0.60171506
1.19824715
0.42407303
3.19006269
2.30756434
1.56433905
2.60247643
0.83236029
2.89392326
0.79592622
0.84773793
1.41035133
1.45605468
2.63255926
1.46460654
3.19793631
0.92960034
0.75055242
1.61975377
0.12761887
1.77337377
5.13267247
3.15466938
0.30543251
4.11371017
1.05380395
1.50307482
1.81258829
0.59792045
4.06022753
0.58759114
0.43179642
1.79655463
2.35442825
5.64669708
1.27797205
0.36319145
3.4380836
2.46823159
0.63566817
3.95836006
1.3310584
2.10922416
1.33475895
2.0072012
1.28372455
3.18625182
2.11704615
0.52077188
2.34013187
2.35956366
1.36099631
2.16818836
1.96897677
1.41970026
1.9948828
3.05551403
2.34564736
1.31144368
2.04048329
0.93994266
4.87768573
4.58197105
2.99580244
3.01353263
0.47492463
2.19207879
1.33897147
0.42533816
1.55127644
1.24727848
0.68344735
0.79718015
0.69005503
3.57058928
5.87336917
0.5833065
2.68542179
3.22615347
3.85064379
0.87614423
4.15314343
4.82400573
5.0698361
3.49068836
1.89615318
3.34311144
2.90933779
2.21207316
0.899934
2.25429868
1.85401461
0.61549096
0.81119807
0.89030609
2.59529041
6.27886585
1.31779198
1.91001234
0.48156297
3.59107501
3.64081806
3.5510222
3.95760745
0.1764765
2.12344783
2.12761547
3.03562608
0.27003325
1.47488118
0.42296172
2.2334116
2.44089743
3.99831907
2.24485391
1.29498206
0.63080802
1.73419042
1.53075485
1.42095261
2.56308754
1.84479773
1.67590373
0.32051621
1.17748455
2.5137576
1.26262436
4.09225148
2.02737915
1.10762756
4.77358044
2.70359704
3.9876938
0.25509326
0.5938528
2.52007227
3.57489614
1.76116743
2.23893394
0.22814173
1.69529429
4.71976939
2.0922537
2.15860347
4.2403524
1.42616262
4.91044267
1.23040341
1.65582947
2.58445506
3.99803758
1.90757941
1.27338779
0.65437807
2.9537982
4.81805184
1.76594131
0.99668947
2.14899938
1.3767479
0.90002142
3.78961454
1.90406318
1.8523965
2.24906491
0.56463311
0.18825111
0.74901696
3.79137918
3.01694429
1.87121702
3.25962564
0.20076048
0.62488289
4.64054758
3.63799404
0.16207277
2.4233696
3.05399774
0.71215536
3.69697685
2.75499579
2.17762334
0.77755932
1.42399848
1.20995062
3.81505769
1.05300173
2.93658627
2.82069477
5.93266843
5.02227064
3.23203203
0.8530647
0.833706
0.27788591
1.32737397
1.36900349
4.32540057
2.72452085
2.07887541
0.83790866
2.24778418
2.06912161
0.71059803
1.45146777
1.97416282
1.92108676
0.51818707
0.55950746
2.44482595
0.78019914
1.86434811
1.19616938
2.42412301
8.91430253
2.72689345
3.06735133
2.90675822
1.32942159
1.45399329
0.99728481
2.13324291
0.08757634
1.52726494
1.67843636
1.77203125
2.06647389
1.35349848
1.64381296
1.33946437
2.5897545
3.43682429
1.15303227
5.18503438
0.27142632
2.77223857
4.89940854
2.32503039
1.79506137
3.21198891
0.5737793
0.65233309
1.15266784
4.43478684
3.4352219
0.89764112
1.8515134
2.04523441
2.69237211
4.58389286
2.02533853
5.87499089
1.1635557
2.95099517
0.10491398
0.46782978
3.49213311
2.55136057
2.38544381
3.31003625
1.23317732
1.21270832
2.4136771
1.86149073
1.42390704
2.70041956
6.05481434
3.55087865
3.26532693
1.34823408
1.68259164
2.23958815
0.98923482
3.23304854
1.59830849
2.76652161
1.61883562
4.42613323
1.03158735
1.14725858
2.99678663
0.90947886
0.68948453
1.64419161
3.08557529
1.04575736
4.15394903
2.15109895
4.28966252
0.44200319
3.8925333
2.65453766
1.01869932
3.0496498
0.1848397
2.05474743
3.3265051
1.21827654
3.26661366
2.05495523
2.86410977
7.55439709
2.50288216
1.19225649
1.86248741
1.74677488
2.49048946
1.61105025
2.76224603
0.29976938
0.15652376
0.16820538
0.81271476
3.03703066
1.07125852
0.66112206
3.4579659
1.83909121
2.44091709
3.08454131
2.00675216
1.10780209
2.43514316
4.54819541
1.59802248
2.92931524
0.4663677
2.32097703
2.76794946
2.88383261
1.60272497
0.50422553
1.788342
0.97520886
2.93841969
3.58155963
0.63952348
2.72026936
0.28837765
2.1404552
0.45750689
1.61038575
1.54415976
0.97515312
2.3963537
0.80166883
1.01184868
0.22305593
1.2058235
2.1745414
5.36500621
2.59992312
3.55798674
2.20074352
1.79438926
0.64606794
0.51530555
2.31521049
0.56301957
0.55453425
1.57957724
4.95791445
1.09225162
0.82718965
2.40032595
1.95427808
0.67745382
1.25677684
0.6417203
1.93311421
1.05397863
2.7899281
1.42311864
2.43043501
1.12962002
1.73444094
0.35249265
0.75416317
6.5874771
1.72207815
0.29256868
0.33096216
1.384769
0.48977378
1.32288854
0.79573254
1.91692568
2.12290812
3.26420041
3.30532321
2.11189923
1.88559675
4.25592173
1.57993469
2.43766049
3.32806124
1.15512295
3.03260613
2.93107483
1.23550244
0.57436465
4.22655995
2.36205887
2.53002848
0.44676321
0.86589912
2.56897219
4.02695803
2.20003779
1.38503123
1.71897072
2.31761365
0.81792079
3.47297584
4.76167048
3.2701217
1.08907651
4.89680856
6.4456802
0.72181506
2.15903434
4.09058462
3.51217281
0.80803051
2.32760963
2.05085638
1.23177553
4.26818206
6.58985086
1.14231524
0.19139732
2.1825456
3.8443205
2.01787934
1.39123336
0.13465207
4.61946736
2.34782222
0.79629576
1.21350156
0.71458379
1.94951053
1.00417754
0.5241839
0.31156008
2.73624938
2.72439308
2.73397408
3.27649381
2.52010098
2.63173836
0.69738573
1.69315886
1.97872458
1.88816109
1.97358231
2.8863836
2.60292714
1.56762324
0.36086377
2.4399423
3.16562435
1.12519845
2.41816551
2.29940477
0.0425346
0.70415708
1.02749144
1.56981754
0.60802651
1.47769057
1.15378477
2.54447498
2.04017306
3.03101184
1.75352379
1.0918939
0.78792256
0.51018751
2.60536928
4.34953232
2.48336543
1.48446426
2.09160132
0.1813811
2.53159023
2.54156925
0.09962712
3.62380425
2.79936884
0.40420049
1.45336619
0.87744731
3.88639446
3.68642383
1.92435929
0.40663243
0.88120426
0.67967508
2.51202463
1.51182784
4.06701624
4.16004111
3.49158093
3.51768902
1.51835969
1.40939739
2.6580593
2.13925109
1.69514703
2.31141145
3.13233808
4.86569167
0.88310435
2.42021119
3.24837982
2.84154139
2.24597215
0.13291291
1.19510053
0.90312673
1.12997287
1.45488165
0.64007076
0.42729494
2.51306625
1.49079724
2.39537879
1.46508501
1.46760664
1.94468462
2.19131294
1.16680038
0.59315854
4.60468396
2.72646349
0.40184141
1.25350655
12.37724702
1.54014191
2.37110521
0.28396019
1.02460164
2.92372396
2.550115
2.93275527
1.65371732
2.61952615
4.67435004